"c10" "c12" "ol" "pal" "hex" "doca" "l181" "l182" "l204" "c2" "c8" "c14" "c16" "c18" "lc"
"1" 0.440545511807022 0.281294228559042 0.521347863048185 0.596605327438415 -0.446404464532495 -0.091085725078383 -0.352056711381972 -0.305914507907153 -0.320328444922607 0.329829951800086 0.383704990406541 0.391529037448612 0.0642170966867339 0.242264494752908 0.0466229442741544
"2" 0.517099778626056 0.371598225457988 0.681170194629401 0.651169984557385 0.874754127875002 0.182695411421443 -0.122449634606017 -0.156514288111819 -0.0270441208066398 0.552063291647999 0.519607229957797 0.455982050131089 0.114948645544071 0.071146711618126 0.0446173623910765
"3" -0.463448936069852 -0.400000579195857 -0.794827536403905 -0.809218300593124 0.303032954029844 0.0452701888110366 -0.342251310261767 -0.252642025748233 -0.191256665291035 -0.231869264471313 -0.451845109199703 -0.460102325938841 0.0494192163476419 -0.372111854305628 0.0248155016356169
"4" 0.0658678665541272 0.0819103960382353 0.0532436311646362 0.0608859549922922 0.0733024163489614 0.0859893894635327 0.0909624725500594 0.0858963167940465 0.0982846534346408 0.0824404660227916 0.0756856078519604 0.0892478148579389 0.0804343053808583 0.0978221126151075 0.0901765649776064
"5" 0.0623193354502235 0.0730729561785309 0.0426215531347902 0.0512602846078819 0.0589409472577163 0.102493790429247 0.0905244506142529 0.0889001200278263 0.0972175504947523 0.0779543698006373 0.0731917813733673 0.0796484280123248 0.0944516591020899 0.0924524065967385 0.0840434288748355
"6" 0.0787130827842547 0.0816892600044615 0.065389796732826 0.0685461537096994 0.0773294990949895 0.0955112883167386 0.0975289184484395 0.0866311689430765 0.0851270252521804 0.0753257825430466 0.0876629169859845 0.0782125074245985 0.0743223470910709 0.076209838803342 0.0947556574849905
"7" 0.265360830809102 0.388085788381801 0.456707792802549 0.494730785640569 -0.632812392809495 -0.317294710533232 0.302937447408594 0.337190464020081 0.181433903564247 -0.00828529889178181 0.290727891472618 0.257990736378112 -0.0339811701330228 0.000783043924401951 -0.24814920050211
"8" 0.441917236035333 0.424974179366632 0.485308965875996 0.379330275815019 0.632307537577738 0.201598956710852 0.165193958765557 0.216386885514224 0.256742584838652 0.243331927579637 0.189764941189179 0.390063751666322 0.0590570286522528 0.0855599055586085 -0.0861306195325196
"9" -1.06143064101108 -0.958261359904019 -1.49833474132406 -1.33004750067016 -0.546755382927459 0.0745272929664965 -0.277034700738216 -0.227044063963912 -0.374063955880061 -0.834005900321733 -0.924894208734674 -0.842638063320962 -0.328362727418118 -0.449075423349439 -0.127963046456061
"10" 0.0719381996946174 0.067562420511647 0.056190676324205 0.0598244812869362 0.0740824388378198 0.0843303520330464 0.0870966717953831 0.091635510164894 0.0964018347415935 0.0905096277926454 0.0676328846272979 0.0785992414859779 0.0916469984149543 0.0850302085416053 0.106132050566677
"11" 0.0592669413818046 0.0746538659591408 0.049330500723754 0.0647420499262144 0.0738519193815465 0.103948419288805 0.0842314052963514 0.0900314871596942 0.0755202737428687 0.0847343911816654 0.0873083540827552 0.0749213393006923 0.0918233572533955 0.0984671142208892 0.098477459290928
"12" 0.0933079235674424 0.0817846070020099 0.0698494995453584 0.06600635079432 0.0961942603417729 0.0899629005836716 0.104450979834845 0.0994661042110505 0.112298194882157 0.0850991910904745 0.0860773897090417 0.0669175983417989 0.0911209966453907 0.089684356066391 0.102442640452117
